*****************************************************************************
stage_forest.txt
*****************************************************************************

=============================================================================
Num(Bg_Road_Stum_Target)
=============================================================================
n 26 791 11 1

=============================================================================
Background(Type)
=============================================================================
b 0
b 0
b 0
b 0
b 0
b 0
b 0
b 0
b 0
b 0
b 0
b 0
b 0
b 0
b 0
b 0
b 0
b 0
b 0
b 0
b 0
b 0
b 0
b 0
b 0
b 0

=============================================================================
Road(Type_Index.X_Index.Y)
=============================================================================
r 0 0 0
r 0 1 0
r 0 2 0
r 0 3 0
r 0 4 0
r 0 5 0
r 0 6 0
r 0 7 0
r 0 8 0
r 0 9 0
r 0 10 0
r 0 11 0
r 0 12 0
r 0 13 0
r 0 14 0
r 0 15 0
r 0 16 0
r 0 17 0
r 0 18 0
r 0 19 0
r 0 6 7
r 0 7 7
r 0 8 7
r 0 9 7
r 0 10 7
r 0 11 7
r 0 12 8
r 0 13 8
r 0 14 8
r 0 15 8
r 0 18 6
r 0 19 6
r 0 20 0
r 0 21 0
r 0 22 0
r 0 23 0
r 0 24 0
r 0 25 0
r 0 26 0
r 0 27 0
r 0 30 0
r 0 31 0
r 0 32 0
r 0 33 0
r 0 34 0
r 0 35 0
r 0 36 0
r 0 37 0
r 0 38 0
r 0 39 0
r 0 39 1
r 0 38 1
r 0 37 1
r 0 36 1
r 0 35 1
r 0 38 5
r 0 37 5
r 0 36 5
r 0 35 6
r 0 34 6
r 0 33 6
r 0 32 6
r 0 31 6
r 0 30 6
r 0 29 6
r 0 28 6
r 0 27 6
r 0 26 6
r 0 25 6
r 0 24 6
r 0 23 6
r 0 22 6
r 0 21 6
r 0 20 6
r 0 40 1
r 0 40 0
r 0 41 0
r 0 42 0
r 0 43 0
r 0 44 0
r 0 45 0
r 0 46 0
r 0 47 0
r 0 48 0
r 0 49 0
r 0 50 0
r 0 51 0
r 0 52 0
r 0 53 0
r 0 55 0
r 0 56 0
r 0 58 0
r 0 59 0
r 0 42 3
r 0 43 3
r 0 44 3
r 0 45 3
r 0 46 3
r 0 47 3
r 0 48 3
r 0 53 3
r 0 54 3
r 0 55 3
r 0 56 3
r 0 57 3
r 0 58 3
r 0 59 3
r 0 60 0
r 0 64 0
r 0 65 0
r 0 67 0
r 0 66 0
r 0 68 0
r 0 69 0
r 0 70 0
r 0 71 0
r 0 72 0
r 0 73 0
r 0 74 0
r 0 75 0
r 0 76 0
r 0 77 0
r 0 78 0
r 0 79 0
r 0 78 1
r 0 79 1
r 0 77 1
r 0 76 1
r 0 75 1
r 0 80 1
r 0 80 0
r 0 81 0
r 0 82 0
r 0 83 0
r 0 84 0
r 0 85 0
r 0 86 0
r 0 87 0
r 0 88 0
r 0 89 0
r 0 90 0
r 0 91 0
r 0 92 0
r 0 93 0
r 0 94 0
r 0 95 0
r 0 96 0
r 0 97 0
r 0 98 0
r 0 99 0
r 0 98 1
r 0 99 1
r 0 97 1
r 0 96 1
r 0 95 1
r 0 94 1
r 0 93 1
r 0 92 1
r 0 91 1
r 0 90 1
r 0 89 1
r 0 88 1
r 0 87 1
r 0 86 1
r 0 85 1
r 0 83 1
r 0 84 1
r 0 82 1
r 0 81 1
r 0 84 2
r 0 85 2
r 0 86 2
r 0 87 2
r 0 88 2
r 0 89 2
r 0 90 2
r 0 91 2
r 0 100 0
r 0 101 0
r 0 102 0
r 0 103 0
r 0 104 0
r 0 105 0
r 0 106 0
r 0 107 0
r 0 108 0
r 0 109 0
r 0 110 0
r 0 111 0
r 0 112 0
r 0 113 0
r 0 114 0
r 0 115 0
r 0 116 0
r 0 117 0
r 0 118 0
r 0 119 0
r 0 100 1
r 0 101 1
r 0 102 1
r 0 103 1
r 0 104 1
r 0 105 1
r 0 106 1
r 0 107 1
r 0 108 1
r 0 109 1
r 0 110 1
r 0 103 2
r 0 104 2
r 0 105 2
r 0 106 2
r 0 107 2
r 0 108 2
r 0 112 4
r 0 113 4
r 0 115 4
r 0 114 4
r 0 116 4
r 0 120 0
r 0 121 0
r 0 122 0
r 0 123 0
r 0 124 0
r 0 125 0
r 0 126 0
r 0 127 0
r 0 128 0
r 0 129 0
r 0 130 0
r 0 131 0
r 0 132 0
r 0 133 0
r 0 134 0
r 0 135 0
r 0 136 0
r 0 137 0
r 0 138 0
r 0 139 0
r 0 121 6
r 0 122 6
r 0 123 6
r 0 124 6
r 0 125 6
r 0 126 6
r 0 127 6
r 0 128 6
r 0 129 6
r 0 130 6
r 0 131 6
r 0 132 6
r 0 133 6
r 0 134 6
r 0 135 6
r 0 136 6
r 0 137 6
r 0 138 6
r 0 139 6
r 0 140 0
r 0 141 0
r 0 142 0
r 0 143 0
r 0 144 0
r 0 145 0
r 0 146 0
r 0 147 0
r 0 148 0
r 0 149 0
r 0 150 0
r 0 151 0
r 0 152 0
r 0 153 0
r 0 154 0
r 0 155 0
r 0 156 0
r 0 157 0
r 0 159 0
r 0 158 0
r 0 140 6
r 0 141 6
r 0 142 6
r 0 143 6
r 0 144 6
r 0 145 6
r 0 146 6
r 0 147 6
r 0 148 6
r 0 152 4
r 0 153 4
r 0 158 4
r 0 159 4
r 0 160 0
r 0 161 0
r 0 162 0
r 0 163 0
r 0 164 0
r 0 165 0
r 0 166 0
r 0 167 0
r 0 168 0
r 0 169 0
r 0 170 0
r 0 171 0
r 0 172 0
r 0 173 0
r 0 174 0
r 0 175 0
r 0 176 0
r 0 177 0
r 0 178 0
r 0 179 0
r 0 163 2
r 0 164 2
r 0 168 4
r 0 169 4
r 0 170 4
r 0 171 4
r 0 180 0
r 0 181 0
r 0 182 0
r 0 183 0
r 0 185 0
r 0 184 0
r 0 186 0
r 0 187 0
r 0 188 0
r 0 189 0
r 0 190 0
r 0 191 0
r 0 192 0
r 0 193 0
r 0 194 0
r 0 195 0
r 0 196 0
r 0 197 0
r 0 198 0
r 0 199 0
r 0 183 5
r 0 184 5
r 0 185 5
r 0 186 5
r 0 187 5
r 0 188 5
r 0 193 7
r 0 194 7
r 0 195 7
r 0 196 7
r 0 197 7
r 0 198 7
r 0 199 7
r 0 200 7
r 0 200 0
r 0 201 0
r 0 203 0
r 0 202 0
r 0 204 0
r 0 205 0
r 0 206 0
r 0 207 0
r 0 208 0
r 0 209 0
r 0 210 0
r 0 211 0
r 0 212 0
r 0 213 0
r 0 214 0
r 0 215 0
r 0 216 0
r 0 217 0
r 0 218 0
r 0 219 0
r 0 219 1
r 0 218 1
r 0 217 1
r 0 216 1
r 0 215 1
r 0 214 1
r 0 213 1
r 0 218 2
r 0 217 2
r 0 216 2
r 0 215 2
r 0 214 2
r 0 220 0
r 0 221 0
r 0 222 0
r 0 223 0
r 0 224 0
r 0 225 0
r 0 226 0
r 0 227 0
r 0 228 0
r 0 229 0
r 0 230 0
r 0 231 0
r 0 232 0
r 0 233 0
r 0 234 0
r 0 235 0
r 0 236 0
r 0 237 0
r 0 238 0
r 0 239 0
r 0 239 1
r 0 238 1
r 0 237 1
r 0 236 1
r 0 234 1
r 0 235 1
r 0 233 1
r 0 232 1
r 0 231 1
r 0 230 1
r 0 229 1
r 0 240 0
r 0 241 0
r 0 242 0
r 0 243 0
r 0 244 0
r 0 245 0
r 0 246 0
r 0 247 0
r 0 248 0
r 0 249 0
r 0 250 0
r 0 251 0
r 0 252 0
r 0 253 0
r 0 254 0
r 0 255 0
r 0 256 0
r 0 257 0
r 0 258 0
r 0 259 0
r 0 240 1
r 0 241 1
r 0 242 1
r 0 243 1
r 0 244 1
r 0 245 1
r 0 246 1
r 0 247 1
r 0 260 0
r 0 261 0
r 0 263 0
r 0 262 0
r 0 264 0
r 0 265 0
r 0 266 0
r 0 267 0
r 0 268 0
r 0 269 0
r 0 270 0
r 0 271 0
r 0 272 0
r 0 273 0
r 0 274 0
r 0 275 0
r 0 276 0
r 0 277 0
r 0 278 0
r 0 279 0
r 0 266 1
r 0 267 1
r 0 268 1
r 0 267 2
r 0 268 2
r 0 268 3
r 0 265 1
r 0 269 2
r 0 269 1
r 0 269 3
r 0 269 4
r 0 279 3
r 0 278 3
r 0 277 3
r 0 280 3
r 0 281 3
r 0 282 3
r 0 280 0
r 0 281 0
r 0 282 0
r 0 283 0
r 0 286 0
r 0 287 0
r 0 288 0
r 0 289 0
r 0 290 0
r 0 291 0
r 0 292 0
r 0 293 0
r 0 294 0
r 0 295 0
r 0 296 0
r 0 297 0
r 0 298 0
r 0 299 0
r 0 299 4
r 0 297 4
r 0 298 4
r 0 296 4
r 0 295 4
r 0 294 4
r 0 293 4
r 0 292 4
r 0 291 4
r 0 290 4
r 0 289 4
r 0 292 5
r 0 293 5
r 0 294 5
r 0 295 5
r 0 296 5
r 0 297 5
r 0 300 0
r 0 301 0
r 0 302 0
r 0 303 0
r 0 304 0
r 0 305 0
r 0 306 0
r 0 307 0
r 0 308 0
r 0 309 0
r 0 310 0
r 0 311 0
r 0 312 0
r 0 313 0
r 0 314 0
r 0 315 0
r 0 316 0
r 0 317 0
r 0 318 0
r 0 319 0
r 0 304 4
r 0 305 4
r 0 307 4
r 0 306 4
r 0 308 4
r 0 318 3
r 0 317 3
r 0 315 3
r 0 316 3
r 0 320 0
r 0 321 0
r 0 325 0
r 0 326 0
r 0 327 0
r 0 328 0
r 0 329 0
r 0 330 0
r 0 331 0
r 0 332 0
r 0 333 0
r 0 334 0
r 0 335 0
r 0 336 1
r 0 336 0
r 0 337 0
r 0 338 0
r 0 339 0
r 0 339 1
r 0 337 1
r 0 338 1
r 0 335 1
r 0 340 0
r 0 342 0
r 0 341 0
r 0 343 0
r 0 344 0
r 0 345 0
r 0 346 0
r 0 347 0
r 0 358 0
r 0 359 0
r 0 354 0
r 0 353 0
r 0 352 0
r 0 351 0
r 0 350 0
r 0 349 0
r 0 348 0
r 0 340 1
r 0 341 1
r 0 342 1
r 0 343 1
r 0 344 1
r 0 360 0
r 0 361 0
r 0 362 0
r 0 363 0
r 0 364 0
r 0 365 0
r 0 366 0
r 0 367 0
r 0 368 0
r 0 369 0
r 0 370 0
r 0 371 0
r 0 372 0
r 0 373 0
r 0 374 0
r 0 375 0
r 0 376 0
r 0 377 0
r 0 378 0
r 0 379 0
r 0 376 1
r 0 377 1
r 0 366 1
r 0 367 1
r 0 368 1
r 0 369 1
r 0 370 1
r 0 371 1
r 0 372 1
r 0 373 1
r 0 374 1
r 0 375 1
r 0 380 0
r 0 381 0
r 0 382 0
r 0 383 0
r 0 384 0
r 0 385 0
r 0 386 0
r 0 387 0
r 0 388 0
r 0 389 0
r 0 390 0
r 0 391 0
r 0 392 0
r 0 393 0
r 0 394 0
r 0 395 0
r 0 396 0
r 0 397 0
r 0 398 0
r 0 399 0
r 0 381 3
r 0 382 3
r 0 385 4
r 0 386 4
r 0 388 5
r 0 389 5
r 0 390 5
r 0 391 5
r 0 392 5
r 0 393 5
r 0 394 5
r 0 400 0
r 0 401 0
r 0 402 0
r 0 403 0
r 0 404 0
r 0 405 0
r 0 406 0
r 0 407 0
r 0 408 0
r 0 409 0
r 0 410 0
r 0 411 0
r 0 412 0
r 0 413 0
r 0 414 0
r 0 415 0
r 0 416 0
r 0 417 0
r 0 418 0
r 0 419 0
r 0 401 1
r 0 402 1
r 0 403 1
r 0 404 1
r 0 404 2
r 0 405 2
r 0 406 2
r 0 407 2
r 0 408 2
r 0 405 1
r 0 406 1
r 0 407 1
r 0 408 1
r 0 409 1
r 0 419 1
r 0 420 0
r 0 421 0
r 0 422 0
r 0 423 0
r 0 424 0
r 0 426 0
r 0 425 0
r 0 427 0
r 0 428 0
r 0 429 0
r 0 430 0
r 0 431 0
r 0 432 0
r 0 433 0
r 0 434 0
r 0 435 0
r 0 436 0
r 0 437 0
r 0 438 0
r 0 439 0
r 0 420 1
r 0 421 1
r 0 422 1
r 0 423 1
r 0 424 1
r 0 425 1
r 0 426 1
r 0 427 1
r 0 428 1
r 0 429 1
r 0 430 1
r 0 438 2
r 0 439 3
r 0 440 0
r 0 441 0
r 0 442 0
r 0 443 0
r 0 444 0
r 0 445 0
r 0 447 0
r 0 448 0
r 0 446 0
r 0 449 0
r 0 450 0
r 0 451 0
r 0 452 0
r 0 453 0
r 0 454 0
r 0 455 0
r 0 456 0
r 0 457 0
r 0 458 0
r 0 459 0
r 0 440 3
r 0 441 3
r 0 443 3
r 0 442 3
r 0 446 5
r 0 447 5
r 0 448 5
r 0 449 5
r 0 450 5
r 0 451 5
r 0 452 5
r 0 453 5
r 0 454 5
r 0 460 0
r 0 461 0
r 0 462 0
r 0 463 0
r 0 464 0
r 0 465 0
r 0 466 0
r 0 467 0
r 0 468 0
r 0 469 0
r 0 470 0
r 0 471 0
r 0 472 0
r 0 473 0
r 0 474 0
r 0 475 0
r 0 476 0
r 0 477 0
r 0 478 0
r 0 479 0
r 0 480 0
r 0 481 0
r 0 482 0
r 0 483 0
r 0 484 0
r 0 485 0
r 0 486 0
r 0 487 0
r 0 488 0
r 0 489 0
r 0 490 0
r 0 491 0
r 0 492 0
r 0 493 0
r 0 494 0
r 0 495 0
r 0 496 0
r 0 497 0
r 0 498 0
r 0 499 0

=============================================================================
Stumbler(Type_Index.X_Index.Y)
=============================================================================
s 0 14 1
s 13 21 8
s 16 32 3
s 12 41 7
s 15 68 7
s 15 79 6
s 16 89 8
s 3 95 2
s 4 97 2
s 5 99 2
s 15 106 8

=============================================================================
Target(Type_Index.X_Index.Y)
=============================================================================
t 1 480 1

