*****************************************************************************
stage1-1
*****************************************************************************

=============================================================================
num
=============================================================================
n 8 144 10 2

=============================================================================
background
=============================================================================
b 0 0
b 0 0
b 0 0
b 0 0
b 0 0
b 0 0
b 0 0
b 0 0

=============================================================================
road
=============================================================================
r 0 0 0
r 0 1 0
r 0 2 0
r 0 3 0
r 0 4 0
r 0 5 3
r 0 6 3
r 0 7 3
r 0 8 0
r 0 9 0
r 0 10 0
r 0 11 0
r 0 12 0
r 0 13 0
r 0 14 0
r 0 15 0
r 0 16 0
r 0 17 0
r 0 18 0
r 0 19 0
r 0 20 0
r 0 21 0
r 0 22 0
r 0 23 0
r 0 24 0
r 0 25 0
r 0 26 0
r 0 27 0
r 0 28 0
r 0 29 0
r 0 30 0
r 0 31 3
r 0 32 3
r 0 33 3
r 0 34 3
r 0 35 0
r 0 36 0
r 0 37 0
r 0 38 0
r 0 39 0
r 0 40 0
r 0 41 0
r 0 42 0
r 0 43 0
r 0 44 0
r 0 45 0
r 0 46 0
r 0 47 0
r 0 48 0
r 0 49 0
r 0 50 0
r 0 51 0
r 0 52 0
r 0 53 0
r 0 54 0
r 0 55 0
r 0 56 0
r 0 57 0
r 0 58 0
r 0 59 0
r 0 60 0
r 0 61 0
r 0 62 0
r 0 63 0
r 0 64 0
r 0 65 0
r 0 66 0
r 0 67 0
r 0 68 0
r 0 69 0
r 0 70 0
r 0 71 0
r 0 72 0
r 0 73 0
r 0 74 0
r 0 75 0
r 0 76 0
r 0 77 0
r 0 78 0
r 0 79 0
r 0 80 0
r 0 81 0
r 0 82 0
r 0 83 0
r 0 84 0
r 0 85 0
r 0 86 0
r 0 87 0
r 0 88 0
r 0 89 0
r 0 90 0
r 0 91 0
r 0 92 0
r 0 93 0
r 0 94 0
r 0 95 0
r 0 96 0
r 0 97 0
r 0 98 0
r 0 99 0
r 0 100 0
r 0 101 0
r 0 102 0
r 0 103 0
r 0 104 0
r 0 105 0
r 0 106 0
r 0 107 0
r 0 108 0
r 0 109 0
r 0 110 0
r 0 111 0
r 0 112 0
r 0 113 0
r 0 114 0
r 0 115 0
r 0 116 0
r 0 117 0
r 0 118 0
r 0 119 0
r 0 120 0
r 0 121 0
r 0 122 0
r 0 123 0
r 0 124 0
r 0 125 0
r 0 126 0
r 0 127 0
r 0 128 0
r 0 129 0
r 0 130 0
r 0 131 0
r 0 132 0
r 0 133 0
r 0 134 0
r 0 135 0
r 0 136 0
r 0 137 0
r 0 138 0
r 0 139 0
r 0 140 0
r 0 141 0
r 0 142 0
r 0 143 0

=============================================================================
stumbler
=============================================================================
s 8 13 1
s 2 27 1
s 7 40 1
s 1 55 1
s 2 67 1
s 6 74 6
s 0 89 1 
s 7 99 1
s 7 124 1
s 6 32 6

=============================================================================
target
=============================================================================
t 0 80 1
t 1 133 1
